1400 0.8189
卡号    target
0     500169  0.015546
1     500178  0.016202
2     500262  0.399623
3     500669  0.018525
4     500745  0.024991
...      ...       ...
2491  799324  0.047196
2492  799345  0.008956
2493  799372  0.039871
2494  799741  0.010301
2495  799763  0.046500

1350 0.8187
卡号    target
0     500169  0.017124
1     500178  0.017702
2     500262  0.405424
3     500669  0.019136
4     500745  0.026011
...      ...       ...
2491  799324  0.047839
2492  799345  0.010124
2493  799372  0.040195
2494  799741  0.010503
2495  799763  0.048448

1375
卡号    target
0     500169  0.016327
1     500178  0.017024
2     500262  0.400917
3     500669  0.018679
4     500745  0.025986
...      ...       ...
2491  799324  0.047666
2492  799345  0.009593
2493  799372  0.039933
2494  799741  0.010367
2495  799763  0.047986
